136694000000
136727000000
136761000000
136794000000
136827000000
136861000000
136894000000
136927000000
136962000000
136994000000
137028000000
137061000000
137094000000
137128000000
137161000000
137194000000
137227000000
137262000000
137296000000
137328000000
137361000000
137395000000
137427000000
137461000000
137494000000
137528000000
137561000000
137594000000
137628000000
137661000000
137694000000
137727000000
137761000000
137794000000
137827000000
137861000000
137894000000
137927000000
137961000000
137995000000
138027000000
138061000000
138094000000
138127000000
138161000000
138194000000
138227000000
138261000000
138294000000
138329000000
138361000000
138395000000
138427000000
138462000000
138494000000
138527000000
138561000000
138594000000
138628000000
138661000000
138694000000
138727000000
138762000000
138795000000
138827000000
138861000000
138894000000
138927000000
138961000000
138994000000
139028000000
139061000000
139094000000
139128000000
139161000000
139194000000
139227000000
139261000000
139295000000
139327000000
139361000000
139394000000
139428000000
139461000000
139495000000
139529000000
139561000000
139594000000
139628000000
139661000000
139694000000
139728000000
139762000000
139795000000
139828000000
139861000000
139895000000
139927000000
139961000000
139994000000
140027000000
140061000000
140094000000
140128000000
140161000000
140194000000
140228000000
140261000000
140295000000
140327000000
140363000000
140394000000
140427000000
140461000000
140494000000
140528000000
140561000000
140596000000
140627000000
140662000000
140694000000
140727000000
140761000000
140796000000
140827000000
140861000000
140894000000
140927000000
140961000000
140994000000
141028000000
141061000000
141094000000
141127000000
141161000000
141194000000
141228000000
141262000000
141295000000
141327000000
141361000000
141394000000
141428000000
141461000000
141494000000
141527000000
141561000000
141594000000
141627000000
141662000000
141695000000
141728000000
141762000000
141794000000
141829000000
141861000000
141894000000
141927000000
141962000000
141996000000
142027000000
142061000000
142096000000
142127000000
142161000000
142195000000
142228000000
142261000000
142295000000
142328000000
142361000000
142394000000
142427000000
142461000000
142494000000
142528000000
142561000000
142594000000
142627000000
142661000000
142695000000
142727000000
142761000000
142796000000
142827000000
142861000000
142895000000
142927000000
142961000000
142995000000
143028000000
143061000000
143094000000
143128000000
143161000000
143195000000
143227000000
143261000000
143294000000
143328000000
143362000000
143394000000
143427000000
143461000000
143494000000
143527000000
143561000000
143594000000
143628000000
143661000000
143694000000
143727000000
143761000000
143794000000
143827000000
143861000000
143894000000
143928000000
143961000000
143994000000
144027000000
144061000000
144094000000
144127000000
144162000000
144194000000
144227000000
144261000000
144294000000
144327000000
144361000000
144395000000
144427000000
144461000000
144494000000
144527000000
144561000000
144594000000
144627000000
144663000000
144695000000
144727000000
144761000000
144794000000
144828000000
144861000000
144894000000
144927000000
144961000000
144994000000
145027000000
145061000000
145094000000
145128000000
145162000000
145195000000
145227000000
145262000000
145294000000
145327000000
145362000000
145394000000
145428000000
145461000000
145494000000
145528000000
145561000000
145594000000
145627000000
145661000000
145694000000
145727000000
145761000000
145794000000
145827000000
145861000000
145894000000
145927000000
145962000000
145995000000
146028000000
146061000000
146095000000
146127000000
146162000000
146195000000
146227000000
146261000000
146294000000
146327000000
146361000000
146395000000
146427000000
146461000000
146495000000
146528000000
146561000000
146594000000
146628000000
146661000000
146695000000
146727000000
146762000000
146794000000
146827000000
146861000000
146894000000
146928000000
146961000000
146994000000
147027000000
147061000000
147094000000
147127000000
147161000000
147194000000
147227000000
147261000000
147294000000
147327000000
147361000000
147396000000
147427000000
147463000000
147494000000
147528000000
147561000000
147595000000
147628000000
147662000000
147694000000
147727000000
147761000000
147796000000
147827000000
147861000000
147894000000
147928000000
147962000000
147994000000
148027000000
148061000000
148094000000
148128000000
148161000000
148194000000
148227000000
148262000000
148294000000
148328000000
148362000000
148394000000
148427000000
148462000000
148495000000
148528000000
148561000000
148594000000
148628000000
148661000000
148694000000
148727000000
148763000000
148795000000
148827000000
148861000000
148894000000
148927000000
148962000000
148994000000
149027000000
149061000000
149094000000
149127000000
149161000000
149195000000
149227000000
149261000000
149296000000
149327000000
149361000000
149395000000
149427000000
149462000000
149495000000
149527000000
149562000000
149594000000
149628000000
149661000000
149695000000
149728000000
149761000000
149794000000
149828000000
149861000000
149895000000
149927000000
149961000000
149994000000
150028000000
150061000000
150094000000
150127000000
150162000000
150194000000
150228000000
150261000000
150294000000
150327000000
150361000000
150394000000
150428000000
150461000000
150494000000
150527000000
150562000000
150595000000
150629000000
150662000000
150694000000
150727000000
150761000000
150794000000
150828000000
150861000000
150894000000
150927000000
150961000000
150994000000
151029000000
151061000000
151095000000
151128000000
151161000000
151194000000
151227000000
151261000000
151295000000
151327000000
151361000000
151394000000
151427000000
151461000000
151494000000
151527000000
151561000000
151594000000
151627000000
151661000000
151694000000
151728000000
151762000000
151795000000
151827000000
151861000000
151894000000
151927000000
151962000000
151994000000
152029000000
152062000000
152095000000
152127000000
152161000000
152194000000
152228000000
152261000000
152294000000
152327000000
152361000000
152394000000
152427000000
152462000000
152494000000
152527000000
152561000000
152594000000
152627000000
152662000000
152696000000
152728000000
152761000000
152794000000
152828000000
152861000000
152894000000
152927000000
152961000000
152995000000
153027000000
153061000000
153094000000
153127000000
153161000000
153195000000
153227000000
153261000000
153294000000
153327000000
153361000000
153394000000
153429000000
153462000000
153494000000
153527000000
153561000000
153594000000
153627000000
153661000000
153695000000
153727000000
153761000000
153794000000
153827000000
153862000000
153894000000
153928000000
153961000000
153994000000
154027000000
154061000000
154096000000
154128000000
154162000000
154194000000
154227000000
154261000000
154294000000
154327000000
154363000000
154395000000
154427000000
154461000000
154494000000
154527000000
154561000000
154596000000
154628000000
154661000000
154696000000
154727000000
154761000000
154795000000
154827000000
154861000000
154894000000
154927000000
154961000000
154994000000
155028000000
155062000000
155096000000
155128000000
155161000000
155194000000
155228000000
155261000000
155294000000
155327000000
155362000000
155396000000
155429000000
155461000000
155494000000
155527000000
155561000000
155594000000
155627000000
155661000000
155694000000
155727000000
155761000000
155794000000
155828000000
155861000000
155895000000
155928000000
155961000000
155995000000
156027000000
156061000000
156094000000
156127000000
156162000000
156194000000
156228000000
156261000000
156294000000
156327000000
156362000000
156394000000
156427000000
156461000000
156494000000
156528000000
156561000000
156594000000
156627000000
156662000000
156694000000
156728000000
156761000000
156796000000
156827000000
156861000000
156894000000
156927000000
156961000000
156995000000
157027000000
157061000000
157094000000
157128000000
157161000000
157194000000
157228000000
157261000000
157294000000
157328000000
157362000000
157394000000
157429000000
157461000000
157494000000
157527000000
157561000000
157594000000
157628000000
157661000000
157694000000
157728000000
157761000000
157794000000
157829000000
157861000000
157894000000
157928000000
157961000000
157994000000
158027000000
158062000000
158094000000
158127000000
158161000000
158194000000
158228000000
158261000000
158294000000
158327000000
158361000000
158394000000
158427000000
158462000000
158496000000
158527000000
158561000000
158594000000
158627000000
158661000000
158694000000
158728000000
158761000000
158794000000
158827000000
158861000000
158894000000
158927000000
158962000000
158995000000
159027000000
159061000000
159094000000
159128000000
159161000000
159194000000
159227000000
159261000000
159294000000
159327000000
159361000000
159394000000
159427000000
159461000000
159494000000
159527000000
159561000000
159594000000
159628000000
159662000000
159694000000
159727000000
159761000000
159794000000
159827000000
159862000000
159894000000
159928000000
159961000000
159994000000
160027000000
160061000000
160094000000
160127000000
160162000000
160194000000
160227000000
160261000000
160294000000
160328000000
160361000000
160394000000
160427000000
160461000000
160494000000
160527000000
160561000000
160595000000
160627000000
160662000000
160694000000
160728000000
160761000000
160794000000
160827000000
160861000000
160895000000
160928000000
160962000000
160994000000
161027000000
161061000000
161094000000
161127000000
161161000000
161194000000
161227000000
161261000000
161294000000
161328000000
161362000000
161395000000
161427000000
161461000000
161494000000
161527000000
161561000000
161594000000
161627000000
161661000000
161694000000
161727000000
161762000000
161795000000
161827000000
161862000000
161896000000
161928000000
161961000000
161994000000
162027000000
162062000000
162094000000
162127000000
162161000000
162195000000
162227000000
162263000000
162294000000
162327000000
162362000000
162394000000
162427000000
162461000000
162494000000
162527000000
162562000000
162594000000
162627000000
162661000000
162695000000
162727000000
162761000000
162794000000
162827000000
162861000000
162894000000
162927000000
162961000000
162994000000
163027000000
163061000000
163094000000
163127000000
163161000000
163194000000
163227000000
163261000000
163294000000
163328000000
163361000000
163395000000
163427000000
163461000000
163494000000
163527000000
163563000000
163594000000
163627000000
163661000000
163695000000
163727000000
163761000000
163795000000
163827000000
163861000000
163894000000
163928000000
163962000000
163994000000
164027000000
164061000000
164096000000
164127000000
164161000000
164194000000
164228000000
164262000000
164294000000
164328000000
164361000000
164394000000
164428000000
164461000000
164494000000
164527000000
164562000000
164594000000
164627000000
164661000000
164694000000
164727000000
164761000000
164795000000
164827000000
164861000000
164895000000
164928000000
164961000000
164994000000
165029000000
165061000000
165095000000
165128000000
165161000000
165194000000
165227000000
165261000000
165294000000
165327000000
165361000000
165396000000
165427000000
165461000000
165494000000
165528000000
165561000000
165596000000
165627000000
165662000000
165694000000
165727000000
165761000000
165795000000
165827000000
165861000000
165894000000
165928000000
165961000000
165994000000
166027000000
166061000000
166094000000
166127000000
166162000000
166194000000
166227000000
166263000000
166295000000
166327000000
166361000000
166394000000
166427000000
166461000000
